Test Line
Subbasins	AREAm2
1	203000
2	282000
3	92200
4	259000
5	36200
6	62800
7	58900
8	201000
9	40000
10	73100
11	62100
12	202000
13	73100
14	79900
15	4880
16	165000
17	118000
18	42100
19	130000
20	121000
21	115000
22	68000
23	83300
24	126000
25	191000
26	89700
27	1200
28	84200
29	25500
30	62700
31	132000
32	50800
33	83000
34	141000
35	38300
36	98600
37	21700
38	53200
39	189000
40	6350
41	14800
42	25000
43	27000
44	98000
45	2580
46	29600
47	102000
48	69700
49	103000
50	121000
51	69300
52	2580
53	142000
54	38400
55	121000
56	60600
57	202000
58	143000
59	151000
60	25600
61	149000
62	51000
63	378000
64	71500
65	160000
66	205000
67	175000
68	32100
69	67300
70	68300
71	56500
72	63800
73	197000
74	96700
75	270000
76	84500
77	70600
78	94800
79	243000
80	184
81	87400
82	56800
83	60900
84	176000
85	15500
86	173000
87	220000
88	101000
89	73700
90	1010
91	181000
92	245000
93	134000
94	5890
95	54000
96	86800
97	228000
98	205000
99	70300
100	163000
101	66200
102	6070
103	75900
104	150000
105	19600
106	91300
107	36700
108	57200
109	184000
110	52300
111	197000
112	13800
113	51100
114	91600
115	90200
116	160000
117	315000
118	216000
119	119000
120	139000
121	111000
122	103000
123	224000
124	37700
125	75000
126	209000
127	187000
128	57700
129	400000
130	312000
131	27500
132	259000
133	166000
134	257000
135	73800
136	101000
137	82100
138	55700
139	19400
140	229000
141	5060
142	175000
143	85600
144	358000
145	58400
146	121000
147	115000
148	59100
149	257000
150	31100
151	65300
152	61700
153	15600
154	162000
155	275000
156	61100
157	136000
158	231000
159	64300
160	55200
161	101000
162	1750
163	88400
164	278000
165	175000
166	96200
167	122000
168	55700
169	61500
170	334000
171	6440
172	80800
173	75200
174	277000
175	38400
176	190000
177	145000
178	115000
179	176000
180	237000
181	202000
182	72100
183	182000
184	125000
185	49700
186	156000
187	156000
188	828
189	80300
190	4690
191	3220
192	1560
193	114000
194	71400
195	107000
196	78700
197	2210
198	173000
199	93700
200	808000
201	22000
202	62800
203	95600
204	56200
205	181000
206	111000
207	48400
208	70800
209	57900
210	170000
211	72500
212	40900
213	89200
214	55700
215	65000
216	137000
217	56300
218	2670
219	129000
220	6070
221	105000
222	61700
223	54100
224	20100
225	43200
226	66700
227	115000
228	89000
229	61100
230	377000
231	88100
232	460
233	150000
234	79000
235	57700
236	45000
237	45800
238	99300
239	263000
240	73000
241	57300
242	76400
243	14100
244	91800
245	130000
246	41900
247	52500
248	112000
249	337000
250	10900
251	38100
252	58600
253	75300
254	4880
255	59500
256	157000
257	25000
258	54600
259	89000
260	67200
261	53300
262	26500
263	329000
264	151000
265	67100
266	368
267	78400
268	159000
269	2480
270	165000
271	9110
272	68100
273	82100
274	39900
275	70600
276	23700
277	122000
278	128000
279	129000
280	69300
281	323000
282	57800
283	4970
284	158000
285	184000
286	111000
287	103000
288	292000
289	88900
290	178000
291	53100
292	61500
293	736
294	110000
295	1380
296	64200
297	60300
298	55300
299	14900
300	375000
301	102000
302	62600
303	1930
304	127000
305	163000
306	586000
307	80400
308	500000
309	35600
310	116000
311	72900
312	108000
313	2850
314	51800
315	87800
316	136000
317	17800
318	158000
319	100000
320	155000
321	96100
322	81000
323	194000
324	58100
325	63500
326	180000
327	53200
328	1840
329	160000
330	41000
331	89200
332	205000
333	136000
334	55700
335	41500
336	53100
337	101000
338	56700
339	101000
340	9110
341	50700
342	15800
343	76700
344	3130
345	25900
346	199000
347	1200
348	52800
349	184
350	23400
351	45700
352	102000
353	31900
354	162000
355	13200
356	24600
357	72500
358	142000
359	258000
360	126000
361	34300
362	5700
363	5700
364	180000
365	352000
366	68400
367	57600
368	59200
369	156000
370	27400
371	98600
372	278000
373	16500
374	93600
375	73700
376	29700
377	45800
378	145000
379	153000
380	302000
381	1380
382	297000
383	5610
384	103000
385	736
386	74000
387	2670
388	87500
389	132000
390	52200
391	48800
392	507000
393	3590
394	205000
395	3860
396	71700
397	238000
398	3770
399	20000
400	30800
401	110000
402	141000
403	63200
404	143000
405	64500
406	53000
407	79000
408	280000
409	54200
410	109000
411	132000
412	67100
413	168000
414	111000
415	93800
416	186000
417	46500
418	120000
419	175000
420	167000
421	11200
422	88600
423	65200
424	137000
425	187000
426	7360
427	143000
428	138000
429	80800
430	8740
431	572000
432	50100
433	101000
434	286000
435	51500
436	132000
437	141000
438	176000
439	218000
440	56900
441	100000
442	2850
443	276
444	84000
445	14600
446	64900
447	59100
448	1200
449	165000
450	5340
451	115000
452	91500
453	50600
454	153000
455	73300
456	60000
457	58800
458	59100
459	92
460	58000
461	50700
462	94000
463	69000
464	323000
465	90700
466	62100
467	85900
468	5240
469	35300
470	47100
471	69800
472	128000
473	16700
474	116000
475	99000
476	195000
477	33900
478	168000
479	59000
480	29300
481	117000
482	189000
483	160000
484	65500
485	58900
486	51100
487	61400
488	39000
489	301000
490	148000
491	45000
492	9480
493	56300
494	67800
495	76000
496	403000
497	58100
498	127000
499	185000
500	21300
501	1100
502	134000
503	51200
504	15500
505	7360
506	1200
507	58300
508	2580
509	41000
510	94200
511	76700
512	54900
513	53100
514	105000
515	185000
516	37200
517	72800
518	5800
519	120000
520	303000
521	114000
522	184000
523	117000
524	2480
525	70200
526	1660
527	251000
528	26300
529	152000
530	29300
531	158000
532	31000
533	99100
534	3040
535	40800
536	310000
537	65500
538	82400
539	145000
540	61200
541	114000
542	32400
543	32500
544	134000
545	69200
546	21000
547	86100
548	57600
549	84900
550	59300
551	12400
552	15500
553	56100
554	149000
555	59500
556	91300
557	181000
558	86600
559	90900
560	6260
561	70400
562	175000
563	72100
564	27300
565	141000
566	75300
567	113000
568	145000
569	55400
570	63700
571	43100
572	95900
573	64500
574	6350
575	21100
576	91600
577	56000
578	18400
579	65900
580	79200
581	193000
582	35600
583	30900
584	8000
585	379000
586	99100
587	85600
588	96600
589	182000
590	71500
591	53100
592	22500
593	71000
594	110000
595	102000
596	117000
597	59100
598	52900
599	47700
600	78200
601	93400
602	82100
603	123000
604	232000
605	84400
606	84700
607	172000
608	163000
609	95000
610	19500
611	69700
612	164000
613	106000
614	74900
615	71900
616	217000
617	7910
618	3400
619	116000
620	91300
621	13700
622	288000
623	276
624	53400
625	314000
626	1660
627	51500
628	9480
629	105000
630	118000
631	174000
632	74800
633	277000
634	29100
635	37300
636	71200
637	116000
638	200000
639	97800
640	115000
641	31600
642	52900
643	192000
644	136000
645	124000
646	7080
647	73300
648	207000
649	60000
650	120000
651	20100
652	2300
653	124000
654	49700
655	122000
656	101000
657	136000
658	13400
659	53800
660	90700
661	41400
662	80300
663	170000
664	108000
665	2580
666	52400
667	293000
668	149000
669	61900
670	122000
671	8190
672	455000
673	105000
674	54400
675	83100
676	143000
677	109000
678	82100
679	41400
680	63300
681	71500
682	147000
683	254000
684	52100
685	146000
686	132000
687	1560
688	214000
689	94700
690	193000
691	355000
692	78300
693	76000
694	152000
695	52500
696	74200
697	113000
698	82900
699	129000
700	107000
701	75400
702	87800
703	125000
704	28100
705	225000
706	26200
707	97500
708	48200
709	10500
710	1470
711	120000
712	45800
713	175000
714	108000
715	54600
716	98500
717	161000
718	77000
719	301000
720	178000
721	58800
722	137000
723	184000
724	21800
725	231000
726	106000
727	282000
728	58900
729	54300
730	1470
731	201000
732	64100
733	35300
734	92100
735	3310
736	27900
737	71100
738	70300
739	8190
740	55800
741	75400
742	73000
743	262000
744	78100
745	74800
746	91300
747	24200
748	70000
749	54900
750	154000
751	153000
752	25100
753	74600
754	64900
755	53400
756	95400
757	54100
758	137000
759	25800
760	28700
761	72100
762	168000
763	54600
764	54100
765	303000
766	57500
767	349000
768	6440
769	106000
770	141000
771	164000
772	41000
773	37300
774	8460
775	134000
776	82700
777	103000
778	6720
779	86700
780	52400
781	51400
782	186000
783	20500
784	281000
785	378000
786	169000
787	4970
788	69100
789	83300
790	174000
791	26800
792	58600
793	56600
794	37300
795	36700
796	82700
797	23000
798	77800
799	230000
800	116000
801	105000
802	73600
803	40400
804	103000
805	181000
806	106000
807	132000
808	69600
809	114000
810	109000
811	85700
812	168000
813	54100
814	85700
815	62000
816	106000
817	276
818	12900
819	200000
820	66900
821	83200
822	96100
823	20300
824	4320
825	76200
826	186000
827	28300
828	126000
829	137000
830	124000
831	1470
832	54900
833	37000
834	167000
835	125000
836	37700
837	120000
838	95200
839	78300
840	191000
841	28800
842	64100
843	38300
844	51200
845	125000
846	267000
847	17800
848	128000
849	4230
850	62400
851	158000
852	205000
853	51100
854	2940
855	93300
856	75500
857	73900
858	75100
859	79400
860	150000
861	103000
862	103000
863	166000
864	97400
865	87600
866	111000
867	94600
868	69400
869	38300
870	256000
871	5980
872	241000
873	73500
874	9380
875	59300
876	155000
877	104000
878	69500
879	24700
880	402000
881	17300
882	63000
883	5700
884	80200
885	130000
886	124000
887	77200
888	121000
889	3500
890	225000
891	34200
892	736
893	47000
894	66000
895	42400
896	213000
897	250000
898	107000
899	164000
900	198000
901	18500
902	60300
903	110000
904	86400
905	176000
906	151000
907	31400
908	149000
909	81800
910	95100
911	137000
912	59500
913	149000
914	77400
915	45800
916	73600
917	73400
918	78000
919	156000
920	213000
921	90200
922	66600
923	3500
924	122000
925	91800
926	116000
927	88900
928	65600
929	26700
930	53900
931	112000
932	70300
933	130000
934	72400
935	6900
936	198000
937	5610
938	287000
939	37900
940	97600
941	29300
942	92400
943	39100
944	115000
945	205000
946	31800
947	74900
948	345000
949	16800
950	90900
951	16800
952	176000
953	57600
954	60900
955	4230
956	163000
957	63100
958	920
959	17000
960	107000
961	110000
962	118000
963	120000
964	191000
965	120000
966	25300
967	60300
968	144000
969	116000
970	56600
971	103000
972	50300
973	64200
974	8000
975	54700
976	2760
977	2850
978	42400
979	46200
980	93100
981	68500
982	8100
983	2580
984	56100
985	60100
986	73400
987	65600
988	48200
989	62800
990	4880
991	236000
992	77100
993	90200
994	113000
995	46300
996	56500
997	58500
998	173000
999	83700
1000	122000
1001	207000
1002	93700
1003	59200
1004	95400
1005	93600
1006	160000
1007	63500
1008	178000
1009	18300
1010	736
1011	498000
1012	127000
1013	40300
1014	920
1015	31600
1016	260000
1017	56400
1018	108000
1019	8280
1020	26600
1021	6350
1022	154000
1023	51700
1024	53400
1025	181000
1026	171000
1027	181000
1028	60300
1029	368
1030	67200
1031	116000
1032	65100
1033	23600
1034	98500
1035	114000
1036	5980
1037	25100
1038	51100
1039	86500
1040	80200
1041	210000
1042	78300
1043	141000
1044	95100
1045	51500
1046	108000
1047	73300
1048	81700
1049	3040
1050	158000
1051	46000
1052	58000
1053	97300
1054	62600
1055	51800
1056	77200
1057	162000
1058	212000
1059	40700
1060	80500
1061	81000
1062	85300
1063	84200
1064	57700
1065	1470
1066	184000
1067	16300
1068	134000
1069	208000
1070	36700
1071	5520
1072	79700
1073	70800
1074	61200
1075	33900
1076	120000
1077	71700
1078	13200
1079	296000
1080	19100
1081	2480
1082	165000
1083	460
1084	8650
1085	31800
1086	82700
1087	60300
1088	237000
1089	60900
1090	64300
1091	94100
1092	24900
1093	137000
1094	47400
1095	198000
1096	127000
1097	72900
1098	54900
1099	167000
1100	88300
1101	552
1102	52800
1103	12000
1104	48500
1105	69500
1106	43100
1107	79900
1108	100000
1109	11900
1110	119000
1111	68000
1112	19000
1113	42200
1114	12100
1115	225000
1116	5800
1117	52100
1118	126000
1119	3130
1120	190000
1121	97100
1122	98200
1123	34900
1124	135000
1125	60400
1126	93600
1127	159000
1128	32900
1129	48100
1130	62400
1131	29700
1132	51700
1133	11100
1134	157000
1135	3130
1136	131000
1137	55400
1138	259000
1139	111000
1140	10400
1141	156000
1142	63000
1143	9290
1144	54300
1145	7080
1146	3040
1147	5430
1148	125000
1149	52800
1150	81300
1151	53800
1152	21100
1153	86000
1154	6160
1155	78000
1156	56700
1157	59600
1158	170000
1159	67100
1160	41200
1161	29500
1162	17900
1163	74000
1164	211000
1165	86300
1166	36200
1167	72300
1168	46100
1169	49300
1170	84400
1171	146000
1172	167000
1173	120000
1174	140000
1175	83600
1176	69900
1177	62600
1178	160000
1179	98200
1180	1100
1181	125000
1182	1750
1183	79700
1184	68300
1185	43900
1186	57600
1187	80400
1188	52800
1189	64600
1190	301000
1191	108000
1192	41100
1193	920
1194	71800
1195	55600
1196	111000
1197	1290
1198	196000
1199	132000
1200	79000
1201	3220
1202	31700
1203	126000
1204	69700
1205	4780
1206	36300
1207	55100
1208	204000
1209	93300
1210	283000
1211	109000
1212	27000
1213	209000
1214	54900
1215	55700
1216	143000
1217	83900
1218	15700
1219	23600
1220	76800
1221	82100
1222	69900
1223	116000
1224	51000
1225	99300
1226	8650
1227	51300
1228	18800
1229	59900
1230	42500
1231	123000
1232	78400
1233	210000
1234	126000
1235	8920
1236	70300
1237	93300
1238	2210
1239	62400
1240	173000
1241	110000
1242	115000
1243	51500
1244	80100
1245	21900
1246	51800
1247	2020
1248	66200
1249	128000
1250	85600
1251	67400
1252	89000
1253	118000
1254	28600
1255	101000
1256	63500
1257	12800
1258	84900
1259	119000
1260	75300
1261	59000
1262	51600
1263	42600
1264	1290
1265	35600
1266	63200
1267	45400
1268	54300
1269	52800
1270	160000
1271	52900
1272	115000
1273	67300
1274	49900
1275	155000
1276	1930
1277	117000
1278	6620
1279	140000
1280	26900
1281	103000
1282	39500
1283	72800
1284	66400
1285	63700
1286	11800
1287	259000
1288	131000
1289	179000
1290	63800
1291	10900
1292	19000
1293	552
1294	460
1295	38500
1296	207000
1297	52900
1298	78300
1299	117000
1300	125000
1301	41100
1302	91100
1303	119000
1304	71500
1305	16800
1306	90200
1307	3310
1308	10300
1309	95400
1310	83300
1311	170000
1312	85700
1313	67200
1314	71800
1315	69400
1316	106000
1317	135000
1318	180000
1319	70000
1320	90700
1321	327000
1322	63700
1323	60400
1324	22100
1325	81500
1326	102000
1327	64500
1328	8740
1329	126000
1330	8100
1331	60900
1332	65800
1333	1010
1334	736
1335	52600
1336	3770
1337	35900
1338	75800
1339	102000
1340	42100
1341	181000
1342	281000
1343	122000
1344	60600
1345	15700
1346	60900
1347	88300
1348	123000
1349	160000
1350	60300
1351	9570
1352	246000
1353	88400
1354	293000
1355	52200
1356	408000
1357	125000
1358	170000
1359	64200
1360	83700
1361	155000
1362	199000
1363	21200
1364	54000
1365	289000
1366	87900
1367	160000
1368	63100
1369	67600
1370	56700
1371	199000
1372	77300
1373	13200
1374	185000
1375	69200
1376	62000
1377	17500
1378	103000
1379	2850
1380	152000
1381	23200
1382	52900
1383	19600
1384	166000
1385	6990
1386	89400
1387	57200
1388	52100
1389	98300
1390	102000
1391	66200
1392	126000
1393	57900
1394	88200
1395	52300
1396	30800
1397	184
1398	35500
1399	61400
1400	84500
1401	293000
1402	2300
1403	174000
1404	55700
1405	133000
1406	283000
1407	57000
1408	64900
1409	115000
1410	221000
1411	99400
1412	89800
1413	86500
1414	21300
1415	118000
1416	126000
1417	75600
1418	27200
1419	8830
1420	25000
1421	65100
1422	94300
1423	25400
1424	4510
1425	89600
1426	56000
1427	54100
1428	55200
1429	72400
1430	38400
1431	98900
1432	52200
1433	30800
1434	47300
1435	231000
1436	89900
1437	113000
1438	2670
1439	43600
1440	33600
1441	55800
1442	244000
1443	153000
1444	84400
1445	48100
1446	78700
1447	68900
1448	248000
1449	119000
1450	20500
1451	3400
1452	88900
1453	80000
1454	23200
1455	57400
1456	50200
1457	82400
1458	79100
1459	38800
1460	139000
1461	79700
1462	32400
1463	169000
1464	24600
1465	1010
1466	72300
1467	90300
1468	99000
1469	4420
1470	79400
1471	11800
1472	114000
1473	58700
1474	38700
1475	170000
1476	111000
1477	2480
1478	45400
1479	61200
1480	101000
1481	248000
1482	68600
1483	65400
1484	61400
1485	124000
1486	65300
1487	43200
1488	114000
1489	197000
1490	160000
1491	40700
1492	68900
1493	108000
1494	3770
1495	54200
1496	66000
1497	111000
1498	18200
1499	68900
1500	64200
1501	73600
1502	143000
1503	239000
1504	133000
1505	84300
1506	75500
1507	38000
1508	173000
1509	156000
1510	107000
1511	192000
1512	6720
1513	157000
1514	37700
1515	160000
1516	112000
1517	160000
1518	128000
1519	60700
1520	82400
1521	251000
1522	49000
1523	288000
1524	276
1525	18600
1526	260000
1527	56600
1528	126000
1529	52900
